0,300
0,299
0,298
0,297
0,296
0,295
0,294
0,293
0,292
0,291
0,290
0,289
0,288
0,287
0,286
0,285
0,284
0,283
0,282
0,281
0,280
0,279
0,278
0,277
0,276
0,275
0,274
0,273
0,272
0,271
0,270
0,269
0,268
0,267
0,266
0,265
0,264
0,263
0,262
0,261
0,260
0,394
0,259
0,393
0,258
0,257
0,391
0,256
0,385
0,255
0,384
0,254
0,253
0,383
0,252
0,390
0,251
0,371
0,250
0,249
0,381
0,248
0,382
0,247
0,380
0,246
0,245
0,244
0,242
0,241
0,240
0,239
0,238
0,237
0,236
0,235
0,234
0,233
0,232
0,231
0,230
0,229
0,228
0,227
0,226
0,225
0,224
0,223
0,222
0,221
0,220
0,219
0,218
0,217
0,216
0,215
0,214
0,213
0,212
0,211
0,210
0,209
0,208
0,207
0,206
0,205
0,204
0,203
0,202
0,201
0,200
0,199
0,198
0,197
0,196
0,195
0,194
0,193
0,192
0,63
0,62
0,61
0,60
0,59
0,58
0,57
0,56
0,55
0,54
0,53
0,52
0,51
0,50
0,313
0,49
0,48
0,47
0,46
0,45
0,6
23,4
23,1
23,3
23,0
19,3
6,4
2,4
6,1
6,3
6,0
31,5
32,4
35,5
33,4
42,6
41,4
40,5
39,4
38,6
15,1
15,3
15,0
37,4
31,3
31,0
32,3
35,3
35,0
36,3
36,0
34,3
34,0
2,6
33,1
33,3
33,0
42,3
42,0
41,3
41,0
40,3
39,1
39,3
39,0
38,3
38,0
2,5
2,3
1,3
0,304
0,303
37,1
37,3
0,12
0,1
0,11
0,10
37,0
0,8
16,3
5,0
19,1
19,0
16,1
16,0
42,7
42,5
42,2
42,1
41,5
41,2
41,1
40,76
40,75
40,74
40,73
40,72
40,71
40,70
40,69
40,68
40,67
40,66
40,65
40,64
40,37
40,36
40,35
40,34
40,33
40,32
40,31
40,30
40,29
40,28
40,27
40,26
40,25
40,24
40,23
40,22
40,21
40,20
40,19
40,17
40,16
40,15
40,14
40,13
40,12
